5.409977350039326078e-11
-3.801269056098012443e-10
-4.383570592172503679e-10
7.054848905515262101e-11
1.427040852754134378e-10
3.513074762198814767e-10
-1.126338338245999631e-10
-2.702493330024058225e-10
5.918453505995257684e-10
-2.086865339592722968e-10
7.127659931324224056e-11
-6.044826987444400457e-11
3.640757676338184885e-11
-1.936594121982652051e-11
-9.133768459769089225e-11
-4.420876267951987419e-10
-6.643957859074401809e-11
7.247533480020529575e-11
-4.755889999692928847e-10
6.092438223261956797e-10
-2.306990107604748802e-11
1.058518122916923060e-10
-5.773834407601087979e-11
6.040866711515725518e-11
2.952381913070313511e-10
-6.763648549559379198e-11
5.849275909722636278e-10
-1.301785717624512664e-10
-9.143195206825012014e-11
-2.987561831279653944e-10
2.648897060076847412e-10
-2.554689267190302740e-10
5.351433097204881594e-10
5.173691137324222568e-10
7.100480926951570068e-11
-1.974458996819353921e-10
-4.660355081216090358e-10
3.675862044616747289e-11
-4.804802500898617547e-10
-2.293411836627755684e-10
-1.221558575608480241e-10
2.189875692231060921e-10
1.307508759017176591e-10
-1.329244686255206086e-11
1.885052251653683519e-10
-7.211512658758058422e-11
-4.067909381808699785e-11
4.933609981263053717e-10
8.345052862131540541e-11
3.200038316098348497e-10
3.354635513287612660e-10
-8.366931574160833138e-11
3.299992921539029786e-10
3.861084182745523375e-11
5.153702431029815478e-11
9.972337477035801077e-11
-5.266544080703165012e-10
-4.179674291964809744e-10
-3.521022490830370851e-11
-1.283448988934122564e-10
-5.404966444262317935e-11
1.139354713275663781e-11
-1.480206225716564565e-11
-1.572134727380645226e-10
-4.321932014142711943e-10
1.585762149206673331e-10
-5.250074134757110575e-10
-3.735810233990864761e-11
1.102830171517166432e-10
-1.779070616598014808e-10
-2.759115327031959703e-10
-4.263064215501967234e-10
1.757472909503559355e-10
-1.964010627831602001e-10
4.842447244953108003e-11
1.929643947673533936e-10
4.786813343535196774e-10
4.988909494566213475e-10
-6.971635505727836906e-10
5.495892958851745805e-10
-2.162090570459211263e-10
5.532238423137285632e-11
7.285730562749261985e-10
2.307692566858050078e-10
-1.678081261828133817e-10
1.458391808116173925e-10
2.226168807628229216e-10
-2.840930086335946834e-10
-2.773441491320202807e-10
-3.383482935787091308e-11
2.139391570952008157e-11
2.580937105350468577e-10
2.815618496100938682e-10
-2.391885777798868996e-10
8.805078513069837847e-11
9.273590302768658935e-11
-1.096866566643451782e-10
-1.625604100868882887e-10
7.382118419307660099e-10
4.031099568836574723e-10
3.867457409616880177e-10
-5.354080615288108475e-12
-1.732513455627751122e-10
2.222182369114064421e-10
-1.427812923121987135e-10
-3.110140135433112034e-10
-1.187194928930355588e-10
-2.482446589197981139e-10
2.650915074791155056e-10
-4.627201197676877701e-10
5.105456688899214517e-10
4.960612258539206930e-10
-1.958750857568800052e-10
1.383565104693666710e-10
2.281954189195599906e-10
1.694122259398081011e-10
8.523554816629490068e-11
-1.771951251505283274e-10
-5.448012127044731479e-10
1.271556708378330428e-10
-1.139017516683879895e-10
3.478241041392528427e-10
2.416318393251593273e-10
1.320668231416646810e-10
6.892754937661676925e-10
-4.462419589435943489e-10
-4.704120910847421521e-10
5.867271657227974352e-11
2.783769113425553501e-10
2.417695971303917652e-10
7.790726536507158502e-11
9.943462624557616641e-11
-3.617806823190075117e-10
2.246189025323025584e-10
-4.058367018378770851e-10
1.047281190081291850e-10
-4.093894792476957035e-10
-2.821303363040087009e-10
4.235798728263214075e-10
2.691778406589364074e-10
2.582236587627099936e-11
-3.783520663205877868e-10
-1.029814870911756615e-10
4.522395939572585877e-11
1.542682391496467427e-10
1.047699375060311127e-10
2.822288114521152443e-10
-1.206673431939813043e-10
4.538379531954811393e-10
3.371612205956623834e-10
1.887537304222224939e-10
1.095849062983876728e-10
-6.934850435690902212e-11
-2.036163439373188638e-10
4.483044904767336936e-10
4.785077379241514768e-10
-3.222273099079561944e-10
1.347971511507182069e-10
1.828566391707799751e-10
-8.065731285675973090e-10
2.204637923285042066e-10
1.219900257380283189e-10
1.027579333057917846e-10
7.753014735969147956e-11
-1.387342079718517922e-12
-3.679580733222019519e-10
2.907184923941644937e-11
5.114177534022796244e-11
1.082351172197073630e-10
4.931062847030436705e-10
9.167543982157776689e-11
2.512566223759570475e-10
2.714847024284941001e-10
4.124179320546830921e-11
1.453189385216691205e-10
6.146218346732068918e-11
9.501164309264874110e-11
-4.669298434958941601e-11
9.729830390835263329e-11
-6.539462012438625295e-13
-1.174601217398805518e-10
4.806282143961883796e-10
5.015889403706483156e-10
1.318934089603714503e-10
3.574923821955534227e-10
-1.479257855021369825e-10
-2.679213552463044828e-10
-3.304060592008366925e-10
-2.728883007720237973e-10
-4.772359217765488894e-11
1.589964237247075170e-10
-2.695267611095312596e-10
-2.843075333552422420e-10
-1.442125163487565107e-11
5.310950342047768544e-10
-9.830163366345089091e-11
9.791541802809790458e-11
6.653805885419209264e-11
5.339054042486231992e-11
-7.468738641819783739e-11
