4.590681411895118167e-08
3.356140241656946375e-07
1.374262635183435998e-06
-1.048704401476323039e-05
2.554035454617833469e-05
-5.018991766861328030e-06
-1.365706520425942370e-07
-2.863843382360800076e-06
-6.922888472674894607e-06
3.463223124013545501e-05
2.933942573053683825e-06
1.511127165121533465e-05
2.334355621194277207e-08
-1.023069061717954335e-05
1.482848081367100738e-06
5.020359392782762107e-06
-6.633405105985096859e-06
3.090660143824680864e-07
8.240405445188200420e-07
1.883063273816700158e-06
7.312776228781089158e-08
-1.577381733060124139e-06
-6.255564339086747400e-06
1.535730903863676239e-06
-1.512187829000085342e-07
9.989025046714663722e-07
3.885304952964330447e-07
2.297367166637086859e-06
-1.274619209898466433e-06
6.992818663681645562e-07
-8.450995327120038703e-06
-5.443915825666239484e-07
1.614666862009419432e-05
-1.924099701938932440e-08
-1.107281104344260455e-07
5.252076748777744817e-07
-7.656287415884506959e-08
9.474884959459387770e-07
2.356437344164611310e-05
1.745590500375473310e-06
-7.393296185689669512e-06
6.808812680372182440e-08
2.643074283607565869e-06
2.329788770651837848e-06
6.451579263153291831e-06
1.072702347927152583e-06
2.782862338133902393e-06
-1.696541611450288264e-06
1.951533789597327408e-07
6.099121865792582267e-07
1.053196112773742375e-06
-1.056003133335588064e-06
1.280795407733277064e-05
-2.495903383517095240e-09
6.505187476061674039e-06
5.417868033361671864e-07
4.830473361109290112e-06
-3.400395423069367871e-06
-9.659636848116886801e-06
-6.341014734596842411e-08
4.463558328152360214e-07
1.937329305209714311e-06
-2.396863666247513821e-07
1.560306605497365130e-05
3.076438043841109679e-07
-7.894329592707065774e-08
5.434844629534143758e-08
1.387436111789484962e-06
1.770571116583019001e-06
8.593639382571009584e-06
1.137480341025250540e-06
1.249731976481257256e-07
-2.428595801111157659e-06
6.714232431790261783e-09
4.201646559203844142e-06
-4.255336064774104366e-06
2.989493393865903984e-05
1.207660265410063748e-07
1.322286433538707656e-07
-1.368392445614332789e-06
9.025277075400480796e-08
4.661342168791601315e-05
9.315729010204292085e-09
2.055884510052834698e-07
3.941168611170244639e-07
-4.635867133959176770e-06
1.612771395852413657e-06
-7.890061181298478913e-06
-3.189483983736268294e-06
-8.982508112416606131e-06
2.407408692639210239e-06
-6.595400052625018433e-08
-1.594262392249071075e-07
1.312528712013246167e-07
1.239275187024635769e-06
-3.326980364222014324e-07
-6.159987008017067486e-06
2.173471806637957720e-06
-2.388222857721162231e-06
2.654266678386031643e-06
-1.225013889692904807e-05
-2.595665651826790979e-06
4.254528723927726171e-06
6.308905987306993829e-07
1.984321272659768659e-06
8.003448267077419410e-07
-7.975244407663210071e-09
-3.847969980648453689e-07
6.431975254031240074e-07
1.010664660402582096e-06
1.336329870037004283e-06
-2.470525745430856865e-06
0.000000000000000000e+00
-1.436514379239999812e-05
1.312647813036685049e-06
2.615808420442821262e-06
-8.219947733910733317e-07
-1.081335843403483961e-06
4.016808669673888636e-06
-6.030236845570030325e-06
-1.334492778136605754e-08
-1.249033270885515889e-07
8.704600053513985454e-07
6.165223372080204639e-07
2.123716063211482554e-06
1.048167251411464970e-06
-2.086791773191096337e-06
-5.743088226153557916e-08
1.003636116376976618e-06
-7.866124326849141529e-06
2.779699073766894910e-06
2.311758645132261075e-06
-7.415468427810161245e-08
6.935996051443705853e-07
1.564004698693717308e-06
1.779580896704040089e-05
1.342763123365811124e-06
-5.477205463521257367e-07
7.339466192486969154e-07
7.198429765193697012e-07
-1.706004822759431925e-06
1.082332074426503837e-06
-7.320123345395410328e-07
-6.478458273586614824e-06
-1.393184434484902304e-07
2.297640085993609739e-06
1.459006072216043472e-05
-9.664376976117327274e-06
-2.463122409948819255e-06
1.326201728315929974e-06
2.764750016017811974e-06
1.016433703986944251e-06
1.623964299310821091e-06
7.770431644215441751e-07
-1.191811992005500661e-07
-7.006262707036376337e-06
-5.569717132327490155e-06
3.216323761344061868e-05
4.373410562938584832e-07
1.657351580204462651e-06
3.044129313670752955e-08
-6.971869228368286410e-06
-7.804584197670814255e-07
1.106901423540445182e-07
2.034751752874677861e-06
2.897072516232429237e-06
-1.109109380932244711e-06
1.394228637685517254e-06
1.065560133301328503e-06
-1.404775238107915644e-06
-3.413874755167602039e-06
2.600834092395226915e-05
7.337286594254239379e-07
4.009013689444771142e-06
-1.436131566059640224e-07
-1.266018197812718929e-07
-4.791482765895421233e-06
4.082530768120023718e-07
-1.621085103563481861e-05
-7.891381332207257098e-06
3.673888980174127374e-05
3.794644580942380496e-08
3.605385619795794928e-06
2.858493399414103519e-06
0.000000000000000000e+00
6.888683113067498200e-07
-5.961705673526183391e-06
2.792841379065055134e-06
-2.602271487142280004e-06
-2.453331279098293794e-05
-3.590463894223904552e-06
-2.261463216320525891e-07
-8.509945814704905902e-06
-6.883101233992769551e-07
-1.412605397572544789e-05
-8.561672024568867769e-08
8.574701823754725926e-08
0.000000000000000000e+00
3.213242794393362964e-06
4.824274993317691505e-06
-1.549043352808836356e-07
7.985395532431247888e-07
-3.647279529591159929e-06
-6.436217114933235839e-07
2.740703939225386434e-07
-5.936958766264662012e-07
1.373168058925177881e-07
-1.658725451304822984e-08
1.644925504759073971e-06
1.758681409502582074e-07
-2.095562850738038092e-07
4.743696057881731219e-05
1.156665609314062908e-05
6.614198960568303799e-06
1.441385141240115703e-06
1.088480309185268758e-05
2.111224385235223220e-06
5.771679924690408680e-06
-1.046603537635993378e-05
2.936394800463746032e-06
-2.281064378809902217e-06
-5.265521078623666590e-07
5.993697921570908755e-07
-1.321137155894966052e-06
-3.548233756851847717e-06
-2.730274453154269167e-07
-3.628379423159368019e-08
1.683868516325342410e-06
3.383192332518180496e-08
1.979486032690264094e-06
1.566132842149617830e-06
1.874534302259945338e-07
9.248582538050008433e-07
3.570477403424643699e-06
-2.542642207011712687e-06
1.340667217585314712e-06
7.407493678650613584e-06
-1.021011881030203980e-07
-4.865551737048855163e-07
1.298098350775214693e-05
6.920067466107335557e-06
3.449955803434212256e-06
1.368852870120214582e-06
-2.696843068034794961e-06
-4.609210845469928915e-06
6.226674347961226796e-07
-2.095820851502480961e-06
-6.475731950324170267e-06
-2.168483895895883660e-06
1.006311416275440118e-05
